$ 1 0.000005 10.20027730826997 50 5 43 5e-11
f 176 160 176 272 32 1.5 0.02
r 112 160 112 272 0 10000
r 240 160 240 272 0 10000
R 240 160 240 96 0 0 40 5 0 0 0.5
w 192 272 240 272 0
s 0 96 64 96 0 1 false
w 112 96 176 96 0
w 176 96 176 160 0
w 112 160 112 96 0
w 64 96 112 96 0
R 0 96 -48 96 0 0 40 3.3 0 0 0.5
w 160 272 112 272 0
r 240 272 336 272 0 270
r 112 272 16 272 0 270
s -48 272 16 272 0 1 false
R 400 272 448 272 4 5 130 5 0 0 0.5
R -48 272 -96 272 4 5 90 5 0 0 0.5
s 336 272 400 272 0 0 false
O 16 272 16 336 1 0
O 336 272 336 336 1 0
